Tcl_0: [-0.000310, -0.999950, -0.010300, 0.025660, 
        -0.007640, 0.010300, -0.999920, -0.001870, 
        0.999970, -0.000230, -0.007640, -0.010450, 
        0.000000, 0.000000, 0.000000, 1.000000]
cam_0: 
   image_width: 1600
   image_height: 1296
   k2: -0.011242
   k3: 0.027061
   k4: -0.091599
   k5: 0.104954
   k6: -0.065015
   k7: 0.014981
   p1: 0.000000
   p2: 0.000000
   A11: 734.879056
   A12: -0.535466
   A22: 735.139215
   u0: 821.257753
   v0: 679.802860
